0,353
0,347
0,344
0,335
0,334
0,328
0,322
0,319
0,318
0,317
0,316
0,315
0,314
0,313
0,312
0,311
0,309
0,306
0,301
0,243
0,0
0,310
0,305
369,1
369,3
369,0
368,1
368,3
368,0
367,1
367,3
367,0
366,1
366,3
366,0
365,1
365,3
365,0
375,1
375,3
375,0
374,1
374,3
374,0
373,1
373,3
373,0
372,1
372,3
372,0
371,1
371,3
371,0
364,1
364,3
364,0
370,1
370,3
0,561
370,0
354,1
354,3
354,0
353,1
353,3
353,0
352,1
352,3
352,0
351,1
351,3
351,0
350,1
350,3
350,0
360,1
360,3
360,0
359,1
359,3
359,0
358,1
358,3
358,0
357,1
357,3
357,0
356,1
356,3
356,0
355,1
355,3
0,554
0,558
355,0
0,560
0,9
0,568
0,556
0,542
0,529
0,401
0,443
0,432
0,541
0,331
0,546
0,520
0,539
0,562
0,540
0,308
0,304
0,303
0,302
0,307
0,441
0,12
0,393
0,10
0,519
0,8
0,380
0,300
0,379
0,299
0,523
0,298
0,571
0,297
0,351
0,296
0,397
0,295
0,414
0,294
0,426
0,293
0,404
0,292
0,564
0,291
0,423
0,290
0,434
0,289
0,395
0,288
0,421
0,287
0,403
0,286
0,527
0,285
0,530
0,284
0,361
0,283
0,408
0,282
0,570
0,281
0,522
0,280
0,389
0,279
0,388
0,278
0,390
0,277
0,387
0,276
0,521
0,362
0,363
0,438
0,442
0,514
0,532
0,547
0,552
0,565
0,573
1,1
2,3
2,1
2,5
2,8
2,9
2,14
2,17
2,22
2,27
2,30
2,35
2,66
2,69
2,72
4,1
5,0
5,1
6,0
6,1
7,0
8,0
8,1
8,5
9,0
10,0
10,4
11,0
11,3
11,5
12,3
12,5
13,1
14,0
14,2
14,5
15,1
15,5
16,0
16,3
17,1
17,2
17,5
18,0
18,2
18,5
18,6
19,1
19,3
20,0
20,4
20,5
21,3
22,0
22,3
23,3
24,0
25,0
25,3
26,1
27,0
27,3
28,1
28,3
29,1
29,3
30,3
31,1
31,4
32,1
32,4
33,1
33,3
34,2
34,5
34,7
35,0
35,1
36,0
37,0
37,3
38,1
38,3
39,3
40,1
40,3
41,3
42,1
43,0
43,1
44,1
45,0
45,3
46,3
47,0
47,3
48,3
49,0
50,0
50,1
51,1
51,3
52,3
53,0
53,1
53,6
54,0
54,3
55,0
55,2
55,5
55,7
56,3
57,0
58,0
59,0
59,1
60,1
60,2
60,5
61,3
62,0
62,3
63,0
63,3
64,0
64,4
65,1
65,3
66,3
66,5
67,3
68,3
68,4
69,3
70,1
70,6
71,3
71,5
72,3
72,4
73,3
74,0
75,0
75,3
76,1
77,1
77,3
78,1
79,1
79,3
80,1
81,0
81,3
82,0
83,0
83,4
1,3
83,5
84,0
84,3
85,3
86,1
87,0
87,1
88,1
88,3
89,3
90,1
91,0
92,0
92,1
93,0
94,0
94,1
95,0
95,1
95,4
95,6
95,7
95,9
96,0
96,3
97,0
97,3
97,5
97,6
97,9
97,11
97,14
97,16
97,17
97,19
97,21
97,24
97,25
98,0
99,0
99,1
99,3
99,4
100,0
101,0
101,1
101,4
102,0
103,0
103,1
103,5
104,3
105,0
105,4
106,1
107,0
107,4
107,7
108,3
108,4
109,1
109,2
109,5
109,9
110,0
110,3
110,4
111,1
112,1
112,3
113,3
113,4
114,3
115,1
115,3
116,3
117,0
117,4
118,0
119,0
120,0
120,1
121,1
121,2
122,1
122,5
123,0
124,0
124,1
125,1
125,3
126,3
127,1
128,0
128,3
129,0
130,0
131,0
131,1
132,1
132,3
133,1
134,0
134,3
135,3
135,4
135,7
135,9
135,12
135,15
136,0
137,0
137,3
138,1
139,1
139,3
140,3
140,4
140,16
140,17
141,3
142,1
143,0
144,0
144,1
145,1
146,0
146,1
147,0
147,1
148,1
148,3
149,3
150,3
151,0
151,3
152,1
153,1
154,0
154,1
155,1
155,3
155,6
155,8
155,25
155,49
155,80
155,94
155,95
155,105
155,123
155,124
155,131
155,133
155,136
155,139
155,141
155,252
155,254
155,258
155,259
155,275
155,285
155,288
155,296
155,305
155,313
155,317
155,324
155,330
155,338
155,348
155,354
155,385
155,388
155,444
155,449
155,459
155,471
155,481
155,484
155,518
155,535
155,588
155,592
155,595
155,598
155,600
155,603
155,604
155,654
155,658
155,659
155,662
155,773
155,776
155,778
155,781
155,784
155,786
155,789
155,790
155,794
155,797
155,798
155,802
155,803
155,806
155,809
155,811
155,814
155,816
155,819
155,821
155,824
156,1
156,4
157,3
157,4
158,1
158,5
159,1
160,0
160,1
161,1
161,3
162,1
162,6
163,1
163,5
164,0
164,6
165,3
165,6
166,1
166,6
167,1
168,0
169,0
169,3
170,0
170,3
171,0
171,3
172,1
173,0
173,3
174,0
175,0
176,0
176,1
177,1
177,3
178,3
179,0
179,3
179,6
179,8
180,1
180,2
180,6
180,9
180,10
180,14
180,15
181,3
182,0
183,0
183,2
183,4
183,7
183,9
184,0
184,4
184,5
184,8
184,10
184,15
185,0
185,3
186,1
186,3
187,0
187,1
187,4
188,1
188,5
189,1
189,3
190,0
190,2
190,5
191,3
191,5
192,3
192,4
193,0
193,3
193,4
194,1
194,2
195,0
195,2
195,3
196,1
196,3
197,1
197,2
197,6
198,1
198,2
199,1
199,2
200,0
200,3
200,4
201,3
202,0
202,2
202,4
203,0
203,3
203,4
204,1
204,3
205,0
205,4
206,0
206,3
207,0
207,3
207,4
208,3
209,0
209,2
209,5
210,1
210,4
211,3
212,0
212,3
213,0
213,3
214,1
214,3
215,1
215,2
216,0
216,1
216,4
217,0
217,1
217,5
217,6
218,2
219,0
219,1
219,4
220,0
220,2
220,3
221,0
221,2
221,3
221,5
222,0
222,3
223,1
223,2
223,4
224,0
224,2
224,3
224,8
225,1
225,3
226,0
226,1
227,0
227,2
227,3
227,5
227,6
227,9
227,12
227,17
227,22
227,25
227,30
227,33
227,37
227,42
227,44
227,50
227,52
227,56
227,63
227,64
227,69
227,72
227,77
227,80
227,85
227,90
227,93
227,98
227,99
227,105
227,107
227,128
227,132
227,133
227,135
227,136
227,140
227,142
227,144
227,146
227,147
227,150
227,152
227,154
227,156
227,157
227,159
228,0
228,3
229,0
229,1
229,3
229,4
230,1
230,4
231,0
231,3
231,4
232,1
232,4
232,7
233,1
233,3
233,5
234,0
234,3
235,1
235,3
236,0
236,1
236,5
237,1
237,3
238,0
238,1
238,4
238,5
239,0
239,2
239,3
239,5
239,6
240,1
240,3
240,4
241,1
241,3
242,0
242,1
242,5
243,1
243,3
244,0
244,1
244,3
245,1
245,3
246,0
246,1
247,0
247,3
248,0
248,3
248,5
249,1
249,3
249,5
250,1
250,2
250,4
250,5
251,1
252,0
252,1
252,3
253,0
253,2
253,3
254,1
254,5
255,0
255,2
255,3
256,1
256,3
257,0
257,3
257,4
258,1
258,3
259,0
259,3
260,0
260,3
261,0
261,3
262,0
262,1
263,0
263,1
263,3
264,0
264,2
265,0
265,1
266,0
266,1
266,4
267,1
267,3
268,0
268,1
268,4
269,1
269,3
270,1
270,2
270,5
271,0
271,3
272,0
272,1
272,3
272,4
273,1
273,3
274,0
274,3
275,0
275,3
276,0
276,2
276,4
277,0
277,3
278,0
278,3
279,0
279,1
279,3
279,4
280,1
280,3
281,0
281,3
281,5
282,1
282,2
282,5
283,1
283,3
283,5
283,8
284,1
284,4
285,0
285,2
285,3
286,1
286,2
287,0
287,3
288,0
288,3
289,0
289,3
290,0
290,1
291,0
291,1
291,3
292,0
292,3
293,1
293,3
294,0
294,1
294,4
295,1
295,3
296,0
296,1
296,4
297,0
297,2
297,6
297,8
298,1
298,3
299,0
299,3
299,4
300,1
300,3
301,0
301,1
301,3
301,7
302,0
302,2
302,3
303,0
303,3
303,4
304,1
304,3
304,5
305,0
305,1
305,4
306,0
306,3
306,4
307,1
307,5
308,0
308,3
308,4
309,1
309,4
310,0
310,3
310,4
311,1
311,2
312,0
312,2
312,3
313,1
313,2
314,0
314,3
314,5
315,1
315,2
316,0
316,1
317,0
317,3
318,0
318,2
318,3
319,1
319,3
319,4
320,1
320,3
321,0
321,3
321,4
322,0
322,1
323,0
323,1
323,4
324,1
324,2
324,5
324,6
325,1
325,4
326,0
326,2
326,3
327,0
327,1
327,3
328,0
328,1
328,4
329,0
329,3
330,0
330,1
331,0
331,1
331,5
332,0
332,3
333,1
333,3
334,0
334,1
335,0
335,2
335,3
336,1
336,2
337,0
337,1
337,3
338,1
338,2
339,0
339,1
339,3
340,0
340,1
340,3
340,4
341,0
341,2
341,3
342,0
342,1
342,3
342,6
343,1
343,3
344,0
344,3
344,4
345,0
345,2
345,3
346,0
346,1
346,5
346,7
346,9
347,1
347,2
347,5
347,6
347,11
347,17
347,19
347,22
347,24
347,30
347,32
347,36
348,0
348,1
348,4
349,0
349,2
349,4
349,6
351,5
351,8
352,4
354,2
354,4
355,4
356,2
356,5
356,6
357,2
357,6
358,4
359,4
359,5
360,6
361,1
361,2
361,5
361,6
362,1
362,3
362,5
363,1
363,3
364,2
364,5
366,2
369,2
371,2
374,2
375,2
376,1
376,2
376,4
376,6
376,7
377,0
377,1
377,5
378,0
378,1
378,3
378,4
379,0
379,2
379,3
379,7
380,0
380,2
380,3
380,6
381,1
381,2
381,5
381,6
382,1
382,3
382,5
383,0
383,1
383,3
383,4
384,1
384,3
384,4
385,0
385,1
385,4
386,0
386,1
386,3
387,0
387,3
387,4
387,7
388,1
388,3
389,0
389,1
391,0
391,2
391,3
391,5
391,7
392,1
392,2
392,4
393,0
393,1
393,3
393,4
393,6
393,8
393,9
393,11
393,12
393,14
393,16
393,17
393,19
393,20
394,1
394,2
394,4
395,1
395,2
395,4
396,0
396,2
396,4
396,5
397,1
397,2
398,0
398,1
399,0
399,2
399,3
400,0
400,1
400,3
400,5
401,0
401,3
401,5
402,0
402,1
402,3
403,1
403,3
404,0
404,1
405,0
405,3
406,0
406,3
407,0
407,3
408,1
408,3
409,1
409,3
410,1
410,3
411,1
412,0
412,1
413,0
413,1
413,3
413,5
414,0
414,3
415,0
415,3
416,0
416,3
417,1
417,3
418,0
418,1
418,3
418,5
418,6
418,8
418,9
418,11
418,12
418,14
418,16
418,17
419,0
419,1
420,0
420,3
420,4
421,0
421,1
422,0
422,1
422,4
423,1
423,3
424,1
424,3
424,5
425,0
425,1
426,0
426,1
427,0
427,3
427,4
428,1
428,3
429,1
429,3
430,0
430,3
431,0
431,3
432,0
432,3
433,1
433,3
434,1
434,3
435,1
435,3
436,1
436,4
437,0
437,3
438,0
438,3
439,1
439,3
440,1
440,3
441,1
441,3
442,1
443,0
443,1
444,0
444,1
445,0
445,3
446,0
446,3
447,0
447,3
448,1
448,3
449,1
449,3
450,1
450,2
450,4
0,512
157,1
2,19
158,3
156,3
157,5
1,5
0,446
450,3
450,0
449,0
448,0
447,1
446,1
445,1
444,3
443,3
442,3
442,0
441,0
440,0
439,0
438,1
437,1
436,3
436,0
435,0
434,0
433,0
432,1
431,1
430,1
429,4
429,0
428,0
427,1
426,3
425,3
424,6
424,4
424,0
423,0
422,3
421,3
420,6
420,1
419,3
418,18
418,15
418,13
418,10
418,7
418,4
418,2
417,4
417,0
416,1
415,1
414,1
413,4
413,2
412,3
411,3
411,0
410,0
409,0
408,0
407,1
406,1
405,1
404,3
403,5
403,0
402,2
401,6
401,1
400,4
400,2
399,4
399,1
398,3
397,3
397,0
396,3
396,1
395,3
395,0
394,3
394,0
393,18
393,15
393,13
393,10
393,7
393,5
393,2
392,5
392,3
392,0
391,4
391,1
389,3
388,4
388,0
387,6
387,1
386,2
385,6
385,3
384,5
384,2
384,0
383,2
382,6
382,2
382,0
381,3
381,0
380,5
380,1
379,5
379,1
378,6
378,2
377,6
377,3
376,8
376,5
376,3
376,0
372,2
367,2
364,6
363,5
363,0
362,4
362,0
361,3
361,0
360,4
358,5
357,4
356,7
356,4
355,2
353,5
352,2
350,4
349,3
349,1
348,3
347,39
347,35
347,27
347,21
347,14
347,9
347,3
347,0
346,8
346,3
345,5
345,1
344,6
344,1
343,2
343,0
342,2
341,4
341,1
340,5
340,2
339,4
339,2
338,3
338,0
337,2
336,3
336,0
335,1
334,3
333,5
333,0
332,1
331,3
330,3
329,6
329,1
328,3
327,5
327,2
326,4
326,1
325,3
325,0
324,3
324,0
323,3
322,3
321,6
321,1
320,4
320,0
319,2
319,0
318,1
317,1
316,3
315,3
315,0
314,1
313,3
313,0
312,1
311,3
311,0
310,1
309,3
309,0
308,1
307,3
307,0
306,1
305,3
304,6
304,4
304,0
303,1
302,4
302,1
301,5
301,2
300,4
300,0
299,1
298,4
298,0
297,3
297,1
296,3
295,4
295,0
294,3
293,4
293,0
292,1
291,2
290,3
289,4
289,1
288,1
287,1
286,3
286,0
285,1
284,3
284,0
283,4
283,0
282,3
282,0
281,1
280,4
280,0
279,2
278,5
278,1
277,1
276,3
276,1
275,1
274,1
273,2
273,0
272,2
271,4
271,1
270,3
270,0
269,0
268,3
267,4
267,0
266,3
265,3
264,3
264,1
263,2
262,3
261,4
261,1
260,1
259,1
258,4
258,0
257,1
256,2
256,0
255,1
254,3
254,0
253,1
252,2
251,3
251,0
250,3
250,0
249,4
249,0
248,1
247,1
246,3
245,4
245,0
244,2
243,5
243,0
242,3
241,5
241,0
240,2
240,0
239,4
239,1
238,6
238,3
237,4
237,0
236,3
235,4
235,0
234,1
233,4
233,0
232,3
232,0
231,1
230,3
230,0
229,2
228,4
228,1
227,158
227,155
227,151
227,149
227,145
227,141
227,138
227,134
227,131
227,106
227,102
227,95
227,87
227,82
227,76
227,68
227,60
227,55
227,47
227,39
227,34
227,26
227,20
227,14
227,7
227,4
227,1
226,3
225,4
225,0
224,5
224,1
223,3
223,0
222,1
221,4
221,1
220,4
220,1
219,3
218,3
218,1
217,3
216,5
216,2
215,4
214,4
214,0
213,2
212,1
211,1
210,3
209,3
208,4
208,1
207,1
206,1
205,3
204,5
204,0
203,1
202,5
202,1
201,1
200,1
199,3
198,4
198,0
197,3
197,0
196,0
195,1
194,3
194,0
193,1
192,5
192,1
191,1
190,4
189,5
188,8
188,0
187,3
186,7
186,0
185,1
184,11
184,7
184,1
183,10
183,6
183,1
182,1
181,1
180,12
180,7
180,4
179,9
179,5
179,1
178,0
176,3
175,1
174,3
173,1
172,0
171,1
170,1
169,1
168,3
167,0
166,0
165,0
164,3
163,3
162,4
162,0
160,3
159,3
158,4
158,0
157,0
156,0
155,822
155,817
155,813
155,808
155,805
155,800
155,795
155,792
155,787
155,783
155,779
155,775
155,661
155,656
155,651
155,601
155,596
155,593
155,538
155,517
155,474
155,462
155,446
155,386
155,358
155,341
155,328
155,316
155,307
155,291
155,280
155,266
155,255
155,251
155,138
155,135
155,130
155,116
155,100
155,89
155,33
155,9
155,4
155,0
153,3
152,3
151,1
150,0
149,1
148,0
146,4
145,3
144,3
143,1
142,0
141,1
140,7
140,0
139,0
138,0
136,3
135,14
135,11
135,6
135,1
134,1
133,0
131,3
130,3
129,3
128,1
127,0
126,1
124,3
123,3
122,3
121,4
120,3
119,3
118,3
117,1
116,1
115,0
114,1
113,0
111,3
111,0
110,1
109,7
109,4
109,0
108,1
107,3
106,3
105,1
104,0
103,3
102,1
101,3
100,1
99,6
99,2
98,1
97,27
97,23
97,18
97,15
97,13
97,8
97,4
97,1
96,1
95,8
95,5
95,3
94,3
93,3
92,3
91,1
90,0
89,1
88,0
86,3
85,1
84,1
1,6
83,3
82,3
81,1
80,0
78,3
78,0
76,3
75,1
74,3
73,0
72,0
71,0
70,3
69,1
68,0
67,1
66,1
65,0
64,2
63,2
62,1
61,1
60,3
59,3
58,3
57,3
56,0
55,4
54,4
54,1
53,4
52,6
52,1
51,0
49,1
48,1
47,1
46,0
44,3
44,0
42,3
41,1
40,0
39,0
37,5
36,3
35,3
34,8
34,3
34,0
32,5
31,5
31,0
30,1
28,4
27,4
27,1
26,0
24,3
23,1
22,1
21,1
20,1
19,4
18,8
18,3
17,7
17,4
17,0
15,7
15,3
14,4
13,3
12,6
12,0
11,1
10,3
9,3
8,4
7,3
6,4
5,3
4,3
2,71
2,68
2,32
